Sample_ID	MJ006-2-barcode50-umi50296bins-ubs-7	MJ006-1-barcode46-umi100611bins-ubs-4	MJ005-barcode65-umi8101bins-ubs-23	MJ006-1-barcode33-umi150609bins-ubs-3	MJ006-1-barcode45-umi127614bins-ubs-3	MJ006-1-barcode38-umi103067bins-ubs-4	MJ006-2-barcode69-umi128054bins-ubs-4	MJ006-1-barcode40-umi115234bins-ubs-4	MJ006-2-barcode69-umi62539bins-ubs-7	MJ006-2-barcode67-umi38620bins-ubs-11	MJ006-2-barcode65-umi143013bins-ubs-3	MJ006-1-barcode29-umi118459bins-ubs-5	MJ006-2-barcode63-umi107469bins-ubs-4	MJ006-2-barcode65-umi48515bins-ubs-8	MJ006-2-barcode50-umi133669bins-ubs-5	MJ005-barcode81-umi85457bins-ubs-4	MJ006-2-barcode68-umi139471bins-ubs-3	MJ005-barcode26-umi62651bins-ubs-4	MJ005-barcode81-umi51374bins-ubs-6	MJ006-1-barcode25-umi113087bins-ubs-4	MJ005-barcode26-umi77756bins-ubs-3	MJ006-1-barcode26-umi116737bins-ubs-5	MJ006-1-barcode29-umi101767bins-ubs-4	MJ006-1-barcode48-umi169942bins-ubs-3	MJ006-1-barcode45-umi38159bins-ubs-10
Sample1	0.0132514331186078	0.0103900184597336	0.0086458848940617	0.0028560322571293	0.0028557165099305	0.0100774627224172	0.0117043371042974	0.0035925926465979	0.0031939458149993	0.0025358861732737	0.0041249139088068	0.0058745472472035	0.0048575170639196	0.0033154974474699	0.0066252487039721	0.0105377328498394	0.0107223504820126	0.008996304243477	0.0034658408180398	0.0011940481281254	0.0076324433906966	0.0049537531545592	0.0055503919227334	0.0008268323999999	0.0033073296
Sample2	0.0036314910556556	0.0025005911042279	0.0066166276239169	0.0125441435478122	0.0036612783793651	0.0094686972265799	0.0083376380117584	0.0071699254755211	0.0018482953656192	0.0102099725947085	0.0040311238518681	0.0020453683302801	0.0005868348922791	0.0060921897997541	0.0095096888945347	0.0089133916142881	0.0027045573396888	0.0067352531629941	0.0083115768473724	0.0056847501294935	0.0054277165162147	0.0025433303272749	0.0091576477807906	0.0009039433999999	0.0036157736
Sample3	0.0073939344013931	0.0075092476784531	0.0087098838458116	0.0098095639597414	0.0129074707933335	0.0041625844404828	0.0011179115731433	0.0127436308732574	0.0111723209503759	0.0088141827373941	0.0052353191730471	0.0019366628913963	0.001761524293036	0.0027362690780269	0.0044856292400214	0.0013250080980325	0.0005966543108601	0.0005418007356293	0.0090226878143514	0.0074424965144303	0.0050526612277541	0.0011362191689838	0.0050557683458274	0.0009658089999999	0.003863236
Sample4	0.0072868859806138	0.0057021201368848	0.0113955195636845	0.0020058282486961	0.0065100183653385	0.0020959908313435	0.009502784088468	0.0075814261317647	0.0120550199766131	0.0046139393585785	0.0035555481575604	0.0087564968635946	0.0023756585067943	0.0096926041584423	0.0097566024655446	0.0063686435032476	0.0059411736725264	0.0090812782998519	0.0006008813587192	0.0029349612305715	0.0095682514314569	0.008973302594388	0.0062985134302091	0.0008575415999999	0.0034301664
Sample5	0.0043765494311642	0.0030067009043265	0.0018163008136707	0.0022467925914481	0.0068320765847413	0.0099276928476404	0.0090854789455351	0.0017226813534494	0.0123973010160488	0.0126267090235419	0.0009750015263553	0.0032740443989016	0.0092518429627105	0.0085974268405447	0.0005361489462735	0.0061400352902841	0.0013335586926501	0.0051828504039114	0.0061467716257076	0.002864282794357	0.0031661425411875	0.004389444766864	0.0037845400833258	0.0014237167999999	0.0056948672
Sample6	0.0127999281656367	0.0088087344378305	0.005064559306294	0.002562961226289	0.0109355686082381	0.0108659810017759	0.0039595031058017	0.0102951060648875	0.0012107599533918	0.0075097529273427	0.009985246072812	0.0095761535764105	0.0038483062290112	0.0089815473126962	0.0078669937068611	0.00384842938208	0.0020885824741613	0.0098890143942618	0.0064005385902261	0.0044416220869841	0.0050966530317895	0.010305738142944	0.0064637745952097	0.0010670055999999	0.0042680224
Sample7	0.0010247702137066	0.0029697370078174	0.0080126562041057	0.0059832101720861	0.0119004475431769	0.0054590891488902	0.0085287069846313	0.0058322999737409	0.0076233720621755	0.0056863819784812	0.0038981881667232	0.0101580060141898	0.0082136237696705	0.0016550321218507	0.0067981488957935	0.0056611919252057	0.0019316875162943	0.0029921835803544	0.0003163976186325	0.0097574338176675	0.0013624074656662	0.0061979002292207	0.0060106079265485	0.0016510549999999	0.00660422
Sample8	0.0069326392242845	0.011556284699897	0.0099748360351728	0.0122201467300644	0.00492333289426	0.0080438020318053	0.0096308745686377	0.0056791781329172	0.0057197899133196	0.0085241192595161	0.0028708338616235	0.0012079311964378	0.0035139004259345	0.0028774845689322	0.0021829383265898	0.0084349685060492	0.0090565185666737	0.0045402888819469	0.0059217519285426	0.001698332692788	0.0094951617549159	0.0023099259156943	0.0063002587283745	0.0014706341999999	0.0058825368
Sample9	0.0011093422319938	0.0010775862336721	0.0049633591642516	0.0070903292313598	0.0107219003975588	0.013643848756098	0.0029013906108201	0.0110363875972568	0.0097330162089051	0.0030828749469085	0.001289817684518	0.0075698948154617	0.0072893468768955	0.003172869292383	0.0107782608901127	0.000470572513408	0.0071837430411212	0.0041211984094273	0.0094843914960753	0.0052534833218719	0.0106064127119597	0.0021417246665117	0.0086074928756675	0.0019689581999999	0.0078758328
Sample10	0.0077906599471996	0.0061287722925228	0.0095300394087867	0.00669903675588	0.0112880811555098	0.0079528684244898	0.0083162497496975	0.0084181397702408	0.0096231894538295	0.0017071577954376	0.0086763737378814	0.0091736883295534	0.0019238209573922	0.0024990384914981	0.0037029860447128	0.0026952490853203	0.0066654768620741	0.0033639989644962	0.0078279756032401	0.0014290236906796	0.0097822221723649	0.004644581373115	0.0008683393811946	0.0001824593999999	0.0007298376
Sample11	0.0067274098775544	0.0010851826952569	0.0050113008116144	0.0054958643833581	0.005727581573823	0.0102812951645265	0.0126528679473175	0.0009930117005935	0.0032020122091852	0.0002738134844432	0.0082763426174027	0.0095377835485804	0.0027165229382689	0.0098401669674401	0.0084939672357035	0.0029555914295257	0.0044278159168215	0.00138297580229	0.0020016352333761	0.0072212806616511	0.0020036496683178	0.0055931351175712	0.0012929526617568	0.0016296731999999	0.0065186928
Sample12	0.004679551287015	0.0041644077215822	0.0054126444778183	0.0019072369457341	0.012832929369867	0.0065328190570698	0.0126072605852437	0.0071726610407842	0.0135433602138926	0.0111770063153406	0.0028627783018003	0.0101950609646574	0.0014202466674615	0.0089757241615321	0.0020366993578729	0.0090415433969074	0.0015940094129677	0.0094696528715154	0.0101254156629747	0.0054216790249751	0.0067071835618172	0.00842022760444	0.0055823141277431	0.0018383441999999	0.0073533768
Sample13	0.0094625418859741	0.0048664331504288	0.0041881465345243	0.0048241212883931	0.0099069110066959	0.0018181718270249	0.003811515178807	0.0008917905575963	0.0016240861642347	0.0118466153024081	0.0037614514943845	0.0079165372796219	0.0064680949930548	0.0040359962847189	0.0081591632347575	0.0076497846935831	0.008290146977043	0.0067314223950423	0.0014274865129415	0.0035371972389178	0.0094567559032666	0.0023963630950331	0.004538335832329	0.0017782541999999	0.0071130168
Sample14	0.0036575232615788	0.0084024968583645	0.0101297165201322	0.0134305965974955	0.0126108470561419	0.0107577095124999	0.0114383435666109	0.0057084172950269	0.0080715159508653	0.0075899494537634	0.002495310114272	0.0039780495687241	0.0036862648775734	0.0004406151089761	0.0093391548692914	0.0052275693790643	0.0015429416782682	0.0009853487115432	0.0078121682299263	0.0053710438584306	0.0047412340358366	0.0078287432673577	0.0018376273424142	0.0013815719999999	0.005526288
Sample15	0.0071095003515842	0.0026985207576871	0.0090250858897936	0.0101700731725322	0.004566132389375	0.0124074840809849	0.0030074547192824	0.0113546673426535	0.0085356522494169	0.0019644394237678	0.0053720445371042	0.0062282187770192	0.0009883657679872	0.0088600310071481	0.0088387488807486	0.0053383300929466	0.0072340916996492	0.0089209972476683	0.0009179162401241	0.0073540234670785	0.0019827070417956	0.0086043489471674	0.0054941531149327	0.0057948368	0.0015800731999999
Sample16	0.0126852829369688	0.0095886714723107	0.0116504999510163	0.0122905109719946	0.0083341977785752	0.006567632287724	0.0124650650411581	0.0066805113012085	0.0087891970219075	0.0083397822490675	0.0078269773052475	0.0077470419126305	0.0027281662499377	0.0056943308717087	0.0069400750572953	8.576650034190779e-05	8.665262467472762e-05	8.669933697802078e-05	8.668528402230877e-05	8.667720707495875e-05	8.578524468795484e-05	8.665774636096302e-05	0.0031947774633008	0.0047016584	0.0013344745999999
Sample17	0.001499230786073	0.0055667984438624	0.0043822384113305	0.008786671690092	0.0079279249896913	0.0061008163190301	0.0064811048538038	0.0009675472847393	0.006720260883068	0.0118282342863743	0.0048121247551438	0.0005560603814992	0.000474996488735	0.0040753340065027	0.0032659149446503	9.319942233029124e-05	9.414476830257846e-05	9.421317540337176e-05	9.4180251436788e-05	9.421865159844652e-05	9.321979114814644e-05	9.418526571485324e-05	0.0056253289624994	0.0086401802	0.0024731137999999
Sample18	0.0021700634841727	0.0112276941888619	0.0130395049938305	0.0016676287048738	0.0131359787034348	0.0072315598023471	0.001380607969483	0.001675156656553	0.0059616955184305	0.0040450962479043	0.0032235465259507	0.0032468336910185	0.0089329987861397	0.0103014689069838	0.0039964128245792	9.43530752124774e-05	9.529268353138702e-05	9.53589928558395e-05	9.532859931449313e-05	9.537745159084591e-05	9.43736961622111e-05	9.53317736764801e-05	0.008938090011911	0.0002125056	0.0004437654
Sample19	0.0124802575682759	0.0020717911786798	0.000742697198978	0.0099609395583209	0.0104137329413195	0.0041249361561566	0.0005354157035219	0.0005352575486399	0.0005352480181843	6.283040096304745e-05	6.287179369756872e-05	6.27851996651338e-05	6.279531907686931e-05	6.283973138831323e-05	0.0026005519624197	6.695441752813511e-05	6.762254598881975e-05	6.767741984809781e-05	6.76480329055988e-05	6.76529215426052e-05	6.696905047650683e-05	6.764916922254581e-05	0.0023735454180379	0.0095966302	0.0029658028
Sample20	0.0032783143546194	0.0026986516542602	0.0113303758384624	0.0016321963989476	0.0064330389421435	0.0025041179986356	0.000422681762304	0.0004227937249971	0.0004226736584061	0.0001018827270315	0.0001018969550498	0.0001018422694319	0.0001018555462049	0.0001018872753795	0.0059764965341007	8.259976515178008e-05	8.34368348394985e-05	8.34766397335892e-05	8.34682821568801e-05	8.345368911499428e-05	8.261781740499361e-05	8.343866284014528e-05	0.0070042076538668	0.0058351858	0.0026512941999999
Sample21	0.0106836125499553	0.0038105828158811	0.0085220184000343	0.0078534355441505	0.0111387700735756	0.0013109380316758	0.0006587300559168	0.0006588747360687	0.0006585687015788	0.0001095746369816	0.0001096073677476	0.0001095323215852	0.0001095224856541	0.0001095595302198	0.0071761180796426	8.407439513200147e-05	8.490956402011144e-05	8.500073909949808e-05	8.494156640866814e-05	8.50077961639688e-05	8.409276966692791e-05	8.497628748987744e-05	0.0103420150449952	0.0065100206	0.0028645963999999
Sample22	0.0039064476132533	0.0099357224792429	0.0062707843932123	0.0064678331996193	0.0091952789222836	0.0044867693158728	0.0006301860372536	0.0006305931799605	0.0006301204540731	0.0001091453287006	0.0001091481135733	0.0001091201533011	0.0001090727523522	0.0001091456994551	0.0090787964274125	6.589835079317235e-05	6.654663433934e-05	6.663367857835775e-05	6.657171574534938e-05	6.663430485905618e-05	6.591275293720613e-05	6.662123257259729e-05	0.0102064382584077	0.004685165	0.00255467
Sample23	0.0123749297009065	0.00718014149538	0.0043595666556093	0.0031615226171765	0.0047077422026991	0.0060560179516796	0.0005518008299912	0.0005516322408262	0.0005517074636665	0.0001106044310632	0.0001106164354187	0.0001105296154275	0.0001105430615954	0.0001106008896316	0.0014826044843679	8.536332246896854e-05	8.623592032613005e-05	8.628784449022129e-05	8.626842261797041e-05	8.628249880943878e-05	8.53819787001276e-05	8.625745780639796e-05	0.0058596864210639	0.0024869002	0.0020401648
Sample24	0.0089683404059479	0.0090023594238157	0.0052489631622898	0.0122595624323077	0.0027118486968627	0.0086459032825511	0.0006481500671474	0.000648342319381	0.0006480916639311	0.0001232977431437	0.0001233722874907	0.0001232421853942	0.0001232641065235	0.0001233283808125	0.0051515162224501	9.555506230200455e-05	9.652296315892502e-05	9.657380260537788e-05	9.655934263404426e-05	9.656895626450176e-05	9.557594594710132e-05	9.653807642314212e-05	0.0063916431070449	0.0062683026	0.0030137993999999
Sample25	0.0079604691317947	0.0029726507386088	0.0041805143980516	0.0034052160508215	0.0029412080889253	0.0131220874880777	0.0005761750942067	0.0005761866308626	0.000576136950926	0.0001008145881354	0.0001008496855646	0.0001008049225973	0.000100756655903	0.000100818545789	0.0086820359883725	7.71031080810349e-05	7.787342747967669e-05	7.79636741133274e-05	7.790277795053594e-05	7.793910729882488e-05	7.711995903488531e-05	7.793488671935092e-05	0.0099447466894171	0.0004081981999999	0.0016327928
Sample26	0.0117829374127007	0.0044676301101898	0.0091025309481412	0.0039486231684536	0.0029529810173714	0.0108216400085161	0.0006108042521268	0.0006106330032081	0.000610750754833	7.023969742879672e-05	7.028016600913601e-05	7.019339699132084e-05	7.025241681410282e-05	7.026544679288626e-05	0.0068738486413389	9.69645103764754e-05	9.793768381087151e-05	9.80115939072686e-05	9.797459649376923e-05	9.800636680188656e-05	9.698570205772078e-05	9.79852796369286e-05	0.0007623377006877	0.0074363478	0.0035124941999999
Sample27	0.0055120289060982	0.0124825572569267	0.0038494101800924	0.0115613045442426	0.0068773844580719	0.0048119743871015	0.0005830205387519	0.0005832709773165	0.0005829230299706	0.0001002233095279	0.0001001942833815	0.0001001919473051	0.0001001958997158	0.0001001901850274	0.007598762123097	8.885793174045212e-05	8.977859094617105e-05	8.987499827958592e-05	8.98124284694782e-05	8.981603595722367e-05	8.887735172162109e-05	8.982354505980869e-05	0.009882524050403	0.005578796	0.0031501669999999
Sample28	0.0094245382113883	0.0111147176238679	0.0077509067014461	0.0105636794985091	0.0009497080380803	0.0132391586188875	0.0007455407997227	0.0007457024588533	0.0007454984412356	0.0001025920595295	0.0001026357800286	0.0001025516949428	0.0001025972454316	0.000102614874117	0.0082124813565297	8.748633764438178e-05	8.838615323703266e-05	8.845598722752491e-05	8.841946595099561e-05	8.842183987105611e-05	8.75054578624233e-05	8.841185370258683e-05	0.0037038848125579	0.0074972224	0.0101454826
Sample29	0.0029213359422225	0.0020447572134952	0.0124360572042432	0.0018277365635509	0.006421675044761	0.0011948721638195	0.0004876664016326	0.0004878208253861	0.0004876090662514	8.943397264380272e-05	8.946103017301668e-05	8.939955041491039e-05	8.939733268614431e-05	8.945354222367632e-05	0.0049460763984035	9.33139737303517e-05	9.425803587850103e-05	9.431967132426568e-05	9.429356170322508e-05	9.429221365959913e-05	9.333436758351878e-05	9.427176399722698e-05	0.004202695357273	0.0021960427999999	0.0087841712
Sample30	0.0003378551066986	0.0003379677150331	0.0003378402842904	0.000337939890623	0.000337939890623	0.0027750342394023	0.0003378212952972	0.0003379677150331	0.0003378311853464	0.0001011938380548	0.0001012543129993	0.0001011310221573	0.0001011064905939	0.0001012088512003	0.0016721429735343	6.328879312138525e-05	6.393036308910749e-05	6.397813802577622e-05	6.395445842328753e-05	6.398365819596678e-05	6.330262494423494e-05	6.396240427390548e-05	0.006079998647636	0.0084396776	0.0101830573999999
Sample31	0.0003539288355225	0.0003538608287104	0.0003538841268022	0.0003538194371262	0.0003538194371262	0.0115802129724098	0.0003538934155165	0.0003538608287104	0.0003538787077751	6.90847407683109e-05	6.910650067582542e-05	6.9050211317129e-05	6.905524131135257e-05	6.90811100717346e-05	0.0058098667553446	8.351621394705516e-05	8.435577725112413e-05	8.442220619254371e-05	8.438757091761797e-05	8.439724026387595e-05	8.353446649097994e-05	8.438447898387749e-05	0.005244383591861	0.0106281248	0.0102526261999999
Sample32	0.0003712901916301	0.0003711744087198	0.000371253671564	0.0003711826832103	0.0003711826832103	0.0095598574758991	0.000371253034158	0.0003711744087198	0.0003712099616455	7.517991350861063e-05	7.521829851474124e-05	7.515248668737604e-05	7.51634959547733e-05	7.519454492804029e-05	0.0073655844360008	9.428122539260612e-05	9.523222635978512e-05	9.531018475525808e-05	9.526811935660184e-05	9.529842693430926e-05	9.430183063949685e-05	9.528014834814689e-05	0.0038919630225548	0.0026578735999999	0.0082106474
Sample33	0.0003432685464962	0.0003430964976497	0.0003430349690499	0.0003431004302516	0.0003431004302516	0.0110317959441411	0.0003432341933359	0.0003430964976497	0.0003432397018394	0.000104157292755	0.0001041164594787	0.0001041127760084	0.0001040941230016	0.0001041219121723	0.0033148927403951	7.60043920486727e-05	7.678863486899282e-05	7.685514013841751e-05	7.681757648185088e-05	7.684072778057765e-05	7.602100287714273e-05	7.682255978649274e-05	0.0100374243906013	0.0108452949999999	0.0101361549999999
Sample34	0.0003311552298495	0.00033119086765	0.0003311646589388	0.0003311724482771	0.0003311724482771	0.0099460325299769	0.0003311220889492	0.00033119086765	0.0003311609425616	0.0001028587187132	0.0001028522593479	0.000102819897844	0.0001028512463732	0.0001028519504479	8.188725019215125e-05	7.096021829150348e-05	7.168318470402975e-05	7.174172229068541e-05	7.17102020742913e-05	7.171383691393626e-05	7.097572671124694e-05	7.169592773106466e-05	0.0062679341557628	0.0109692568	0.0101491972
Sample35	0.0004512063831297	0.000451063506964	0.0004510582982202	0.0004511128728534	0.0004511128728534	0.0120158024984486	0.0004511612279142	0.000451063506964	0.0004511726056231	8.092132629267184e-05	8.097461977983377e-05	8.088327898024092e-05	8.092022404631348e-05	8.095385654768182e-05	0.00352901792085	8.016855120499988e-05	8.098885525687132e-05	8.104008511018642e-05	8.101937993150133e-05	8.102864491809264e-05	8.018607211421135e-05	8.101778166616664e-05	0.0013453425470339	0.0070077331999999	0.0090997898
Sample36	0.0003458389213199	0.0003456775387762	0.0003456134369999	0.0003456808497815	0.0003456808497815	0.011192595278937	0.0003458043109252	0.0003456775387762	0.0003458149901242	6.771610125546612e-05	6.777076339231685e-05	6.764838353420738e-05	6.767378452782449e-05	6.772194547041619e-05	0.009820541796716	7.181644473539461e-05	7.255125166347556e-05	7.262258122148274e-05	7.257859620790705e-05	7.258184375072825e-05	7.183214028420004e-05	7.258496529346392e-05	0.0019756469553086	0.0109585772	0.0100333238
Sample37	0.0003788275480134	0.0003788842704325	0.000378955659878	0.0003788759113429	0.0003788759113429	0.0072295108298408	0.0003787896362281	0.0003788842704325	0.0003787676128151	7.669933396285174e-05	7.673454777227582e-05	7.666996324062808e-05	7.673600789865503e-05	7.67140381473508e-05	0.0075415909302417	9.511401337135108e-05	9.608039245479096e-05	9.618113013270098e-05	9.611660512514796e-05	9.61689594665746e-05	9.51348006248061e-05	9.614857906820834e-05	0.0024503417575171	0.0114306428	0.0101035712
Sample38	0.0003431343162531	0.0003429647829517	0.0003429152973852	0.0003429985710244	0.0003429985710244	0.0081076118264745	0.0003430999765261	0.0003429647829517	0.0003430894473903	9.284988874763091e-05	9.28946578547518e-05	9.281671220632404e-05	9.286500546511832e-05	9.285670541893624e-05	0.009384059974939	8.622510031252652e-05	8.70910258342814e-05	8.716854876299635e-05	8.712385041512471e-05	8.715854853499334e-05	8.624394488601101e-05	8.713954963897639e-05	0.0054393951495643	0.0088694398	0.0093126262
Sample39	0.000406774005291	0.0004065635364866	0.0004066286904165	0.0004065572843911	0.0004065572843911	0.0113905781000789	0.0004067332967183	0.0004065635364866	0.0004066655435589	0.0001196331163761	0.0001196550314369	0.000119592708509	0.0001196254069751	0.0001196510158647	0.0017670695512597	7.050869202236015e-05	7.122404082192595e-05	7.129433297610596e-05	7.125088514099958e-05	7.129118862736956e-05	7.052410176063002e-05	7.12751175534777e-05	0.0058973493902231	0.0028368179999999	0.007776735
Sample40	0.0001948763798536	0.0001946936162618	0.0001947277019497	0.0001947352475534	0.0001947352475534	0.0073655944255317	0.0001948568772817	0.0001946936162618	0.0001948472857173	9.4873182511227e-05	9.488389376724648e-05	9.48233734649528e-05	9.482001541601226e-05	9.48699273324074e-05	0.0046780791598307	8.023805840847543e-05	8.103601003472022e-05	8.109900028364988e-05	8.106655248197151e-05	8.11022092659837e-05	8.025559450854893e-05	8.107197084688393e-05	0.0060983478176114	0.0021504487999999	0.0075050372
Sample41	0.0003922200919028	0.0003922079667399	0.0003921994232403	0.000392260329957	0.000392260329957	0.0035498276307201	0.0003921808398367	0.0003922079667399	0.0003921583966775	6.990462252880367e-05	6.995366728488689e-05	6.985709122163134e-05	6.986231918270443e-05	6.992667392923386e-05	0.0076145763792313	7.810655839042343e-05	7.88964759707357e-05	7.898633667867834e-05	7.89262120282565e-05	7.896205381172445e-05	7.812362864924452e-05	7.894411994319747e-05	0.0013978244256621	0.0029881629999999	0.007692565
Sample42	0.0003762602561975	0.0003762872199474	0.0003762873462055	0.0003762237717077	0.0003762237717077	0.0111549226309828	0.000376222601338	0.0003762872199474	0.0003762223296337	0.0001536688149745	0.0001537370462356	0.0001535916919949	0.000153633983059	0.0001536937799863	0.0022059343648029	6.629317532210415e-05	6.696936768227928e-05	6.701479873591575e-05	6.699460841635556e-05	6.700213289159318e-05	6.630766375539502e-05	6.698450759686106e-05	0.0070960312287146	0.0043622024	0.0077916086
Sample43	0.000385233766735	0.0003852319550993	0.0003851754098015	0.0003852075156058	0.0003852075156058	0.0102786539106735	0.0003851952138369	0.0003852319550993	0.0003852181810884	9.687823579326115e-05	9.69179658731162e-05	9.685912070395348e-05	9.6859303352491e-05	9.689625207245364e-05	0.0048563192736168	6.471915250821701e-05	6.536306391126535e-05	6.541461602821866e-05	6.53876992299445e-05	6.541867201218605e-05	6.473329693740147e-05	6.538535426952786e-05	0.0067089238765359	0.0044118128	0.0075349052
Sample44	0.0003359258111103	0.0003359062351013	0.0003359029717241	0.0003359053000328	0.0003359053000328	0.0046719693719061	0.0003358921927863	0.0003359062351013	0.0003358563586315	9.289215101656264e-05	9.295734656773643e-05	9.283208065943072e-05	9.28358790031682e-05	9.291347479921155e-05	0.0056315332307208	9.601820610291332e-05	9.700449269332584e-05	9.705116476217022e-05	9.704105365677844e-05	9.703086666616364e-05	9.603919096850576e-05	9.700173613696551e-05	0.0032195041668838	0.0045209922	0.0074757137999999
Sample45	0.0004246574257291	0.0004247331042914	0.0004246225494696	0.0004247759260797	0.0004247759260797	0.004246091955005	0.0004246149274439	0.0004247331042914	0.000424649214116	0.0001339983754771	0.0001340185581708	0.0001339398328745	0.0001339825506462	0.0001339962708753	0.0058686717322623	8.624273700496135e-05	8.711857343103774e-05	8.720489840268165e-05	8.71514083945618e-05	8.719092588899736e-05	8.626158543296086e-05	8.717813401944976e-05	0.0083787801896068	0.0045763882	0.0068209438
Sample46	0.0003592876765156	0.000359515889431	0.0003594805940024	0.000359454336942	0.000359454336942	0.0039445400556947	0.0003592517202148	0.000359515889431	0.0003592548665465	9.989530328285084e-05	9.992645180459849e-05	9.982023624124098e-05	9.986060832010426e-05	9.99016003401208e-05	0.0104591327606867	8.110508189659978e-05	8.192554993494098e-05	8.200196786576552e-05	8.195642764950699e-05	8.197137171255232e-05	8.1122807485439e-05	8.196076058262998e-05	0.0032777765889536	0.005258708	0.0069443809999999
Sample47	0.0004325641415551	0.0004325180918887	0.0004324256861413	0.0004325394856054	0.0004325394856054	0.0066644927046095	0.0004325208519925	0.0004325180918887	0.0004325194467338	0.0001121235139476	0.00011211933732	0.00011208045521	0.0001120367428388	0.0001121126309742	0.0076248182373629	6.6114079204055e-05	6.678353349977622e-05	6.685524663566089e-05	6.680870419300628e-05	6.684066211535717e-05	6.612852849572765e-05	6.683797687301356e-05	0.0094838931243718	0.0052749712	0.0069461518
Sample48	0.0005201678886102	0.0005202400610392	0.0005202219227464	0.00052023044631	0.00052023044631	0.0113558663318713	0.0005201158319595	0.0005202400610392	0.0005201396174501	7.403154684882212e-05	7.402511828229022e-05	7.402665444443139e-05	7.396578370728689e-05	7.402280172783035e-05	0.0056349322335289	7.581889899079371e-05	7.658097879758587e-05	7.665012404798954e-05	7.660984214493447e-05	7.664276592032975e-05	7.583546927958856e-05	7.662970578293713e-05	0.0092751618930481	0.0054523116	0.0066997734
Sample49	0.0003095329449562	0.0003095534831656	0.0003095165036335	0.000309529212166	0.000309529212166	0.0106406595317801	0.0003095019679413	0.0003095534831656	0.0003095485542408	9.61264246072316e-05	9.611040825778974e-05	9.612200725245036e-05	9.610140265552265e-05	9.610604611028104e-05	0.0104141303431436	7.617244986530397e-05	7.696824112615341e-05	7.699843125004571e-05	7.69972504325545e-05	7.699071615507088e-05	7.618909742296149e-05	7.69748966275386e-05	0.0099590061165075	0.0061088057999999	0.0067318512
Sample50	0.0005007453091264	0.0005007621199478	0.0005008082930085	0.0005007412231769	0.0005007412231769	0.012120277130617	0.000500695196222	0.0005007621199478	0.000500684934609	0.0001091663315013	0.0001092203264067	0.0001090689189772	0.00010914599449	0.0001091971553934	0.0066286257582356	6.843263179782137e-05	6.91255913642302e-05	6.920196159141998e-05	6.915164477834884e-05	6.918864341155293e-05	6.844758781125572e-05	6.916634613667903e-05	0.0003837296363763	0.0062184608	0.0066060992
Sample51	0.0004361136633419	0.000435972073072	0.0004359598863706	0.000436012989521	0.000436012989521	0.0108063002943974	0.000436070018555	0.000435972073072	0.0004360686500322	8.671807859554433e-05	8.677815964473279e-05	8.664806912401985e-05	8.673514595706112e-05	8.674554143636041e-05	0.005812768322388	6.083893452534508e-05	6.144477381103234e-05	6.148990017307414e-05	6.146793232737818e-05	6.148449630567712e-05	6.08522309293878e-05	6.146664955058241e-05	0.0006353968834666	0.006262586	0.006577394
Sample52	0.0003062895120481	0.0003062289468471	0.0003062428638806	0.000306199529145	0.000306199529145	0.007540494255618	0.0003062588596251	0.0003062289468471	0.0003062240876581	0.0001082916394134	0.0001083494646729	0.0001082394386529	0.000108247921696	0.0001082929133591	0.0007507396489977	8.226376601377922e-05	8.310046604379507e-05	8.317191817693163e-05	8.313178658388104e-05	8.314634023223149e-05	8.228174483407793e-05	8.312365875589933e-05	0.0080897280883057	0.0063690358	0.0065463681999999
Sample53	0.0002214934696588	0.0002216777445728	0.0002216784259138	0.000221639888397	0.000221639888397	0.0004759788196062	0.0002214713033382	0.0002216777445728	0.0002214584284511	0.0001008070202992	0.0001008643710856	0.0001007376527157	0.0001007774479364	0.0001008122712348	0.0055697940146813	7.102321155239018e-05	7.174655337736254e-05	7.178529713322816e-05	7.17735946312576e-05	7.178139580598596e-05	7.103873373936765e-05	7.175204875228467e-05	0.004402742546669	0.007155312	0.006711093
Sample54	0.00035455415224	0.0003547800053472	0.0003547343063203	0.0003547841827537	0.0003547841827537	0.0007796101068602	0.0003545186696544	0.0003547800053472	0.0003545339456828	5.624613896267047e-05	5.625151557189141e-05	5.620952085340637e-05	5.62366533541512e-05	5.6246711422335806e-05	0.0065692283789701	7.587828157000141e-05	7.663537581412757e-05	7.671185679097055e-05	7.666425966369497e-05	7.671209590882623e-05	7.589486483691255e-05	7.669064496685512e-05	0.0020794447958172	0.0072195616	0.0066102244
Sample55	0.000381815016002	0.0003819272896518	0.000381818652989	0.0003818931008654	0.0003818931008654	0.0095292075908247	0.0003817768052409	0.0003819272896518	0.0003818410644183	0.0001043941859726	0.0001044550375683	0.0001043413847408	0.0001043302013608	0.0001044084166466	0.0083749739331983	7.695735637031889e-05	7.773495938789729e-05	7.781854155335494e-05	7.776425767017535e-05	7.778899911037415e-05	7.697417547000139e-05	7.777873556025009e-05	0.0068223174135573	0.0081043379999999	0.008017737
Sample56	0.0003529798037002	0.0003531555711337	0.0003530175729296	0.0003530744742564	0.0003530744742564	0.0090613520810471	0.0003529444786701	0.0003531555711337	0.0003530102301567	9.331579269467342e-05	9.333334748878728e-05	9.326441275438672e-05	9.326800133111124e-05	9.330429623343138e-05	0.003584262312988	6.386567976947511e-05	6.45342226900878e-05	6.455507093380409e-05	6.45585456187657e-05	6.455425462978453e-05	6.387963767142233e-05	6.452201228942878e-05	0.0062113623413958	0.0085919868	0.0081034062
Sample57	0.0002879202450581	0.0002878048521002	0.00028774528557	0.0002878528105347	0.0002878528105347	0.0045361736947596	0.0002878914309695	0.0002878048521002	0.0002878851962298	7.173707151437618e-05	7.17661912388104e-05	7.167897957953558e-05	7.171881756208905e-05	7.175015540174815e-05	0.0028194698864679	3.884405931755447e-05	3.92290019809134e-05	3.92615915217153e-05	3.924378737969117e-05	3.925197323396924e-05	3.885254872177193e-05	3.9244206760653465e-05	0.0019315855268037	0.0089819772	0.0080643227999999
Sample58	0.0004105338554053	0.0004104976112415	0.000410365652259	0.0004104777842828	0.0004104777842828	0.0099451424496449	0.0004104927705595	0.0004104976112415	0.0004105225128368	0.0001024241156198	0.0001025056961294	0.0001023493379222	0.0001024252647672	0.0001024598214331	0.0032567946643113	6.07801816878689e-05	6.141833772965216e-05	6.144894089883214e-05	6.144148628224705e-05	6.143715630451772e-05	6.0793465251425966e-05	6.141880643317089e-05	0.0001906680584322	0.0091137285999999	0.0080281294
Sample59	0.0003957718695759	0.0003958503480963	0.0003958560969835	0.000395838463423	0.000395838463423	0.0087860138433042	0.0003957322620599	0.0003958503480963	0.0003957502960102	7.249708733652607e-05	7.251387210267544e-05	7.245059813896808e-05	7.24481693264833e-05	7.249783458259002e-05	0.0033914369849816	6.52126184816944e-05	6.588677297224995e-05	6.59018121334552e-05	6.591160567671306e-05	6.589396242152724e-05	6.522687075831268e-05	6.587621603262158e-05	0.0039775843715373	0.0099853944	0.0081786606
Sample60	0.0003437459327551	0.0003436858738984	0.000343630285145	0.0003437050492667	0.0003437050492667	0.0071835016840923	0.0003437115318197	0.0003436858738984	0.0003437192672094	9.291476173478642e-05	9.291017126682492e-05	9.287732820876636e-05	9.287577438817902e-05	9.291194615798512e-05	0.0033550611027505	4.508885071698852e-05	4.556052265344178e-05	4.559105159316774e-05	4.5577694400413134e-05	4.555717012958462e-05	4.509870492600176e-05	4.556819867719166e-05	0.0074486086802262	0.0098266534	0.0072558736
Sample61	0.0003186702808298	0.0003187731050753	0.0003186841900587	0.0003187366401696	0.0003187366401696	0.0065566641570778	0.0003186383893811	0.0003187731050753	0.0003186735348482	8.143703035517653e-05	8.147770334119624e-05	8.137180031319873e-05	8.138981436875928e-05	8.145573064124968e-05	0.0087151640803815	6.843903146396236e-05	6.913256133858365e-05	6.918435222737972e-05	6.915861737968347e-05	6.916772809736823e-05	6.845398887604948e-05	6.915815625871695e-05	0.0028194023453544	0.0103345702	0.0073333828
Sample62	0.0004240474175676	0.000424134548241	0.0004241403638852	0.0004241473323404	0.0004241473323404	0.00474850047644	0.00042400498033	0.000424134548241	0.0004239901225931	9.4575739807968e-05	9.465232296010271e-05	9.452156964973127e-05	9.455481943490797e-05	9.462345213653594e-05	0.0049284301522168	4.483389114373564e-05	4.528335252189386e-05	4.532971727165187e-05	4.530041980352791e-05	4.530418400113543e-05	4.484368963110404e-05	4.530405281551657e-05	0.0002298963470242	0.0110006476	0.0073719964
Sample63	0.0002250028430373	0.0002250366559143	0.0002249958464789	0.0002250273397459	0.0002250273397459	0.0041808163264794	0.0002249803255104	0.0002250366559143	0.0002249908170717	9.58476941162662e-05	9.585851226510137e-05	9.580738218044103e-05	9.583326691449116e-05	9.585780734545572e-05	0.0031473712496151	8.313397800211264e-05	8.397143644075898e-05	8.403598112870208e-05	8.400308524931964e-05	8.40386045927109e-05	8.315214700802668e-05	8.400820157366027e-05	0.0049989572535581	0.0113191732	0.0074383258
Sample64	0.0003252409880624	0.0003254893311134	0.0003254015497961	0.0003254589868052	0.0003254589868052	0.0042092178886424	0.0003252084390395	0.0003254893311134	0.0003252678439916	5.046698544098301e-05	5.051078366242097e-05	5.043222743913375e-05	5.04389744865025e-05	5.048779592058999e-05	0.0026448566186202	8.048050692537563e-05	8.130437355557724e-05	8.135352612038931e-05	8.133501714895697e-05	8.134143827944716e-05	8.04980960127913e-05	8.131719498036639e-05	0.000447111650775	0.0114477207999999	0.0071266312
Sample65	0.0003173178213905	0.0003172968627244	0.0003173699759982	0.0003172951543279	0.0003172951543279	0.0089765433376141	0.0003172860652915	0.0003172968627244	0.0003172766454651	5.990920914818508e-05	5.991384093995909e-05	5.988756719861061e-05	5.987147831116345e-05	5.990551969205556e-05	0.0005095825409163	5.865742323735109e-05	5.9238995860527056e-05	5.92737243769811e-05	5.926132301984196e-05	5.928094390986153e-05	5.867024287013319e-05	5.925398605575496e-05	0.0047929390138562	0.0115593542	0.0070951328
Sample66	0.0003002121127048	0.0003003268063757	0.0003002738209868	0.0003003308976168	0.0003003308976168	0.0063084753982723	0.0003001820684875	0.0003003268063757	0.0003002379535633	6.408309361435354e-05	6.410697681838974e-05	6.404209893336464e-05	6.405851993520389e-05	6.407601727407628e-05	0.0034252126745356	6.756543587628355e-05	6.825719129648746e-05	6.831154407689597e-05	6.828291741088772e-05	6.830435991330137e-05	6.758020236326663e-05	6.828957957737331e-05	0.0044081354571534	0.0117213954	0.0070782156
Sample67	0.000219959854715	0.0002198002396225	0.0002199065677495	0.0002198522794006	0.0002198522794006	0.0005653384435952	0.0002199378418735	0.0002198002396225	0.0002198364711884	7.83716086298976e-05	7.840610644221312e-05	7.830735826616726e-05	7.838532002252958e-05	7.837985669326754e-05	0.0077256879822069	8.352048295473961e-05	8.434657619562911e-05	8.445284394214776e-05	8.437836639424795e-05	8.442221510010942e-05	8.353873643165985e-05	8.442544579642977e-05	0.0005705421882344	0.0121396226	0.0070785104
Sample68	0.0003012475552549	0.0003014976347969	0.0003013998974277	0.0003014353767422	0.0003014353767422	0.0038839818962235	0.000301217407414	0.0003014976347969	0.0003012616700137	9.046313631366128e-05	9.055185267412467e-05	9.04014328659527e-05	9.04567636545564e-05	9.049610748755564e-05	0.0005955255855085	7.664249369299006e-05	7.742387518435193e-05	7.747827373435595e-05	7.74530562190894e-05	7.746808241297114e-05	7.665924397915028e-05	7.745888996130661e-05	0.0015589029397473	0.0012190233999999	0.0040816966
Sample69	0.0003216507417745	0.0003216358172946	0.0003217069015354	0.000321661571485	0.000321661571485	0.0073177429407717	0.0003216185520514	0.0003216358172946	0.0003216104520114	6.739540698948798e-05	6.741698194804511e-05	6.734501492866628e-05	6.737485276502847e-05	6.740384919437654e-05	0.0018076201428606	7.167017030878153e-05	7.238501322812638e-05	7.245879518524061e-05	7.241229511734274e-05	7.245324866798301e-05	7.168583388917905e-05	7.242549581870873e-05	0.0019806133803806	0.0025821048	0.0043565682
Sample70	0.0003789711433774	0.000378865750394	0.0003789175779125	0.0003789100198998	0.0003789100198998	0.0071124895504887	0.0003789332172215	0.000378865750394	0.0003788973956264	8.677706112612602e-05	8.677419047464247e-05	8.673445449102148e-05	8.675804791239725e-05	8.677630144213805e-05	0.007050897109991	8.210585110744417e-05	8.294301479144766e-05	8.300380184188506e-05	8.297427598820504e-05	8.297364210579257e-05	8.212379541529759e-05	8.29740991426164e-05	0.0047152265517329	0.0034716892	0.0044262118
Sample71	0.000226679302728	0.0002266888296017	0.0002266654058817	0.0002266784403203	0.0002266784403203	0.0029936998348408	0.0002266566174267	0.0002266888296017	0.0002266387953984	8.53382380693659e-05	8.540132720572267e-05	8.531341779004739e-05	8.530522351801764e-05	8.536454509830676e-05	0.0073485704542774	7.608419759988052e-05	7.686897198907992e-05	7.69226139475349e-05	7.689794388097378e-05	7.689992949590801e-05	7.61008258699258e-05	7.687978315148391e-05	0.0050688133154735	0.0057555746	0.0048421094
Sample72	0.000331424035155	0.0003316189574592	0.0003315416805532	0.0003315695806859	0.0003315695806859	0.0068154062795956	0.0003313908673535	0.0003316189574592	0.0003314440074156	0.0001091406683797	0.0001092125126515	0.0001090341974916	0.0001090783115796	0.0001091725352226	0.0018015929115866	6.0287722090813705e-05	6.0899650815812816e-05	6.094351694941692e-05	6.092260387546948e-05	6.094884875017306e-05	6.030089802688144e-05	6.091654935468689e-05	0.000740070652036	0.0103621584	0.0058804266
Sample73	0.000358252891349	0.0003582102528354	0.0003581676793041	0.000358235378275	0.000358235378275	0.0070618281090542	0.000358217038606	0.0003582102528354	0.0003582252970991	9.347331152927474e-05	9.347295442243432e-05	9.341274567239812e-05	9.343228836650842e-05	9.347543552590516e-05	0.0077842034075559	6.32599042318195e-05	6.390061532142354e-05	6.395616179298208e-05	6.39246994436791e-05	6.393287223923484e-05	6.327372974097632e-05	6.393640072695376e-05	0.0043578203720272	0.0043942928	0.0043458512
Sample74	0.0003059345487846	0.0003058963728019	0.0003058685643448	0.0003058774252543	0.0003058774252543	0.0091140305533979	0.0003059039318852	0.0003058963728019	0.0003059152115885	9.358852874554896e-05	9.36317482088567e-05	9.3553220147215e-05	9.353695783836798e-05	9.360848551972474e-05	0.0038962073154499	8.538705913155617e-05	8.625698755343689e-05	8.633036005921048e-05	8.628949778550875e-05	8.631860815186853e-05	8.540572055038429e-05	8.629540057366269e-05	0.0051981425377114	0.0012818011999999	0.0035646698
Sample75	0.0002977849484895	0.0002978298451362	0.000297862554162	0.0002978152947262	0.0002978152947262	0.0071473885743575	0.0002977551471746	0.0002978298451362	0.0002977568345437	7.933612552397923e-05	7.93176139266165e-05	7.933290033138814e-05	7.933178221107688e-05	7.932015341977228e-05	0.0038343688469547	6.407897060340808e-05	6.472245079831522e-05	6.479405989126671e-05	6.474684467010916e-05	6.479567082208844e-05	6.409297512025955e-05	6.477439785429691e-05	0.007992175284559	0.002598858	0.003640758
Sample76	0.0002522695832809	0.0002524048816221	0.0002522870900331	0.0002523829764596	0.0002523829764596	0.0033050084577192	0.0002522443369905	0.0002524048816221	0.0002522893946812	6.964347845768639e-05	6.965793466372818e-05	6.961753862615673e-05	6.964649273032306e-05	6.965588636093926e-05	0.0073746669891115	5.972080038487728e-05	6.0322870072754285e-05	6.0392958476861146e-05	6.034560574392632e-05	6.039174991455837e-05	5.973385241969459e-05	6.037990108459348e-05	0.0029117948765778	0.0080522372	0.0047809898
Sample77	0.000214545606238	0.0002145572549479	0.0002145055263924	0.0002145416583137	0.0002145416583137	0.0045271753692947	0.0002145241352361	0.0002145572549479	0.0002145331340013	7.240456926263495e-05	7.243209679612166e-05	7.236914086347599e-05	7.238214418616527e-05	7.240480816708255e-05	0.000136057925973	6.76473482326724e-05	6.83373204357809e-05	6.836770113464052e-05	6.83630767508291e-05	6.836702342385937e-05	6.766213262167493e-05	6.83448259179011e-05	0.0048142222456463	0.009465776	0.004723082
Sample78	0.0003231506003051	0.0003231562837794	0.0003231968854636	0.0003231210632876	0.0003231210632876	0.009647077830011	0.0003231182604812	0.0003231562837794	0.0003231123099987	9.69818426119763e-05	9.701144353302e-05	9.694314869945998e-05	9.692342537119671e-05	9.697679271152892e-05	0.0060885712448686	6.955885827181081e-05	7.026658946488379e-05	7.033478861311564e-05	7.029307292083552e-05	7.033197298064503e-05	6.957406042305734e-05	7.031991191351362e-05	0.0080478076378146	0.0090817732	0.0042438957999999
Sample79	0.0003889251430151	0.0003890758391158	0.0003891003993387	0.0003890533888584	0.0003890533888584	0.0072796906898817	0.0003888862206965	0.0003890758391158	0.0003888998042055	8.797380238339247e-05	8.804692820019312e-05	8.795061050328894e-05	8.797022227538075e-05	8.80019925955166e-05	0.0012420349585089	6.375798127470681e-05	6.440226112831401e-05	6.44538181207997e-05	6.442653432071987e-05	6.44254417767788e-05	6.377191563905082e-05	6.441797446147235e-05	0.0041400965516297	0.0107893794	0.0045834305999999
Sample80	0.0003356563603965	0.0003357790965769	0.000335763147579	0.0003357635553496	0.0003357635553496	0.0086265127236919	0.0003356227690383	0.0003357790965769	0.0003356732503789	6.193949198410373e-05	6.197298402907155e-05	6.189049170991686e-05	6.19418418577647e-05	6.195033409974144e-05	0.00567167127597	7.672094301969377e-05	7.75063926762918e-05	7.756353866936815e-05	7.75356048118466e-05	7.755595284947086e-05	7.673771045102518e-05	7.7541878574098e-05	0.0005512449528651	0.0128280825999999	0.0116112424
Sample81	0.0004158810376619	0.0004159603556916	0.0004159061799537	0.0004159505225088	0.0004159505225088	0.0107960509538855	0.0004158394176881	0.0004159603556916	0.0004158966626433	0.0001014486417394	0.000101501226123	0.0001013760239631	0.0001014040638254	0.0001014700776291	0.0038987337793633	7.282843354922125e-05	7.355521510597567e-05	7.362386786255187e-05	7.35829380439198e-05	7.361247346518402e-05	7.284435026909519e-05	7.359120400271866e-05	0.0031509198416375	0.0094077136	0.0107665144
Sample82	0.0001980861008448	0.0001980416127033	0.0001979965742647	0.0001980782814921	0.0001980782814921	0.0019493113641411	0.0001980662770548	0.0001980416127033	0.0001980642790711	9.932372858742092e-05	9.936479329301074e-05	9.925017804027068e-05	9.929774579462996e-05	9.934717352838068e-05	0.0045167057530209	7.373186119739271e-05	7.448256026401251e-05	7.450318078933522e-05	7.451063271806139e-05	7.44932986443542e-05	7.374797536219446e-05	7.446801385106344e-05	0.0022341234413093	0.0135898348	0.0118492192
Sample83	0.0004147212987412	0.0004147600705322	0.0004147014560921	0.0004147525860043	0.0004147525860043	0.0081483459856433	0.0004146797948302	0.0004147600705322	0.0004146971697502	7.457310776856494e-05	7.460846477485017e-05	7.453936590407082e-05	7.456527022691161e-05	7.458718419192454e-05	0.0079779758549037	8.051814168844347e-05	8.134278432910594e-05	8.139858289615536e-05	8.137344239949439e-05	8.138968728328816e-05	8.053573900097057e-05	8.135849042940683e-05	0.0028710356070073	0.0121621498	0.0115368411999999
Sample84	0.0094586615065175	0.0006847453808139	0.0098609881155052	0.0039492599036507	0.0022220457731356	0.0038159372283796	0.0005083249086848	0.0005082493856275	0.0005082636199817	5.819159101884311e-05	5.818645244254802e-05	5.814675188205592e-05	5.81715591887118e-05	5.818827073034637e-05	0.0025725487755946	6.201095627787505e-05	6.26521449916577e-05	6.268855492036662e-05	6.26757585658301e-05	6.265781434779401e-05	6.202450882832945e-05	6.265172515127554e-05	0.0019650087277507	0.0067637533999999	0.0102705656
Sample85	0.0059304527031847	0.0058732210599662	0.0049520092769962	0.0097884348166988	0.0056539434163661	0.0105685506697943	0.0006056791109826	0.000605906109574	0.0006056365065137	0.0001085148280061	0.0001085528115147	0.0001084733835328	0.0001085013976112	0.0001085303044676	0.0052520843549724	6.690012234419558e-05	6.755240994846796e-05	6.763716528645891e-05	6.757787043099498e-05	6.761616097083053e-05	6.691474342630583e-05	6.761762360191929e-05	0.0062126438310963	0.0078004766	0.0105560654
Sample86	0.0019904136534568	0.0024028604305363	0.0010470495002259	0.007920672463392	0.009979080812	0.0041396643294556	0.0004259908157987	0.0004260467369906	0.0004258669143398	9.40482861831867e-05	9.411554633785744e-05	9.399045645116753e-05	9.404700715996413e-05	9.4083792282072e-05	0.0070834758476511	7.289145718566131e-05	7.362617035399358e-05	7.368726209816355e-05	7.365392003494884e-05	7.366242164681986e-05	7.290738767940788e-05	7.365667579811303e-05	0.0016944016584258	0.0043368381999999	0.0101238237999999
Sample87	0.0036142693219524	0.0011386094122384	0.0097507016573462	0.0099218902957204	0.0070721766270234	0.0102010230629185	0.0007235513042947	0.0007236467613721	0.0007234754459901	5.904709770382573e-05	5.905983820340385e-05	5.904932032493568e-05	5.905148509142314e-05	5.904362667442632e-05	0.005495338168462	7.30003277720863e-05	7.373311849550394e-05	7.378760165726218e-05	7.376090848518083e-05	7.378881195962197e-05	7.301628205959777e-05	7.37664932639269e-05	0.0058256671083082	0.0126836383999999	0.0123394646
Sample88	0.0053374751363705	0.0122309620702295	0.0073408023841893	0.0010834530447905	0.0074287349305091	0.0038038592822063	0.0005905270690127	0.0005908363550105	0.0005905476113263	6.10517733690441e-05	6.110391482594307e-05	6.1015806800597045e-05	6.100579011282471e-05	6.106220603439424e-05	0.0079712638177714	8.942462274693029e-05	9.03331113586919e-05	9.04086594581838e-05	9.036715788057192e-05	9.039960966405516e-05	8.94441665789301e-05	9.038685484349262e-05	0.0033983663702916	0.0033136001999999	0.0100513218
Sample89	0.0063333681200393	0.0068537729520702	0.009874924840043	0.0062826493093699	0.0109011906853715	0.0102154436998063	0.0006247009373054	0.0006248056775938	0.0006246313116372	6.471580570245849e-05	6.47877771328502e-05	6.46776817449696e-05	6.471653128737364e-05	6.47425971019588e-05	0.0010614263940035	7.206278691199705e-05	7.277421383411717e-05	7.281957920840129e-05	7.280164241292218e-05	7.282252987901046e-05	7.20785362991075e-05	7.279184507298278e-05	0.0009694418544791	0.0059673944	0.0107918876
Sample90	0.0034261992062156	0.0100622062306058	0.0076178396221518	0.0007974297673449	0.0084968292148765	0.0038253800572958	0.0005747020593763	0.0005750919135427	0.0005747437532966	5.72696956555746e-05	5.7298330019993984e-05	5.725132118033358e-05	5.7291304960127454e-05	5.727990726931516e-05	0.0056910302049825	0.0039014605873299	0.0040308430123883	0.002821112660211	0.0054523519899176	0.0017338872648691	0.0056238195028856	0.0016337637324542	0.0029617340339681	0.0054614797999999	0.0108686942
Sample91	0.0081680389296307	0.0024711483330804	0.0012184372803262	0.0019711867890997	0.0113343677069232	0.0074300186898533	0.0005706369454465	0.0005704867956052	0.0005704963266479	0.0001043072815226	0.0001043202375459	0.0001042674837621	0.0001043073432923	0.0001042923107571	0.0052227697053044	0.0029374049621949	0.0044107759480469	0.0024628258805754	0.0036106317919142	0.0075746327174227	0.0078936284681821	0.0029516547057846	0.0082380559997434	0.0100908551999999	0.0121288188
Sample92	0.0030246087863858	0.0004528295565583	0.0064321586029905	0.0067606887616835	0.0108435182082944	0.0011925534348928	0.0004375094454155	0.0004376770299574	0.0004374234668103	8.21595690981594e-05	8.221301490987853e-05	8.207395930861151e-05	8.211609183583968e-05	8.218192941256498e-05	0.0040292210439985	0.0045382522865265	0.0069296836243414	0.001667977622782	0.0050649437916967	0.008606436193446	0.0026294147904931	0.0069721235618171	0.0004247946472725	0.009359133	0.011979552
Sample93	0.0006293111397452	0.0115401840936939	0.0059107537797451	0.009622676651835	0.0019511311845732	0.0019056350154112	0.000496332430002	0.0004967839158418	0.0004963524732478	7.251408232471407e-05	7.253701293839237e-05	7.246013612308057e-05	7.247602245840481e-05	7.250805268535135e-05	0.0004376289994603	0.0092628220135194	0.0037620599754876	0.0058707339681664	0.0089880228691964	0.0077772999175622	0.0043867532057706	0.0069110038723858	0.0047812918949128	0.0037879813999999	0.0111097526
Sample94	0.0087221062167216	0.0110446903559875	0.0090824063056837	0.0109637515687299	0.0082297084749484	0.0044205361412821	0.0006739489611587	0.0006741353452068	0.0006738745239196	6.62658085505364e-05	6.631224314765762e-05	6.624302241458655e-05	6.622976843390431e-05	6.627286459779518e-05	0.0001659015862596	0.0025361330491326	0.0083484830102049	0.0033493234292166	0.0001691632101091	0.0025296103702046	0.0011126228119648	0.0009714654571375	0.0051631129699703	0.00731828	0.012301073
Sample95	0.0089551284970061	0.0039546280770288	0.0041015681364986	0.0094935939940255	0.0040254982864465	0.001931534234421	0.0027907513467128	0.0067840601625383	0.0038655510116439	0.0037898687418882	0.0041070413571111	0.0008490157293301	0.0112788611274312	0.0004184649225093	0.0060519919070215	0.0043324525109635	0.0064861994942612	0.0028988362763814	0.0029571581364096	0.0006494413876773	0.0063223700538805	0.005245086311072	0.0065105107105674	0.012468311	0.013674548
Sample96	0.010328176033531	0.0061530266616683	0.0100116204732791	0.0099002994431016	0.0109991171480441	0.0017294982788743	0.0060803224947541	0.0100352689886234	0.0089284303365006	0.0024832052102986	0.010745221180313	0.0008222142432718	0.0101797908487866	0.0028645051826372	0.0072548083845055	0.0060870156667298	0.0041343642898449	0.0062824528975098	0.0007339449814189	0.0078092986379164	0.0070738608747815	0.0023057094661044	0.0002561164376668	0.0044888641999999	0.0142807478
Sample97	0.0052568385410325	0.0012823011758011	0.0091505572574789	0.0063376466024811	0.0009135746224194	0.0053433172194553	0.0072149462588145	0.0030344274929616	0.0072425869088387	0.0070332109891379	0.008186094464733	0.0069524144656823	0.010747689278817	0.0019080769300973	0.0048869449356788	0.0076105990267962	0.0081420851762795	0.0032015313901312	0.0063965937890877	0.0039746697085577	0.0058346273188001	0.0030859994773255	0.0038876793412672	0.0036417615999999	0.0145670464
Sample98	0.0019236616273029	0.0085202595075409	0.0094558320354952	0.0032817438505387	0.0048423608736557	0.0010417339464177	0.0054783715183625	0.0092155113741576	0.0053009372718944	0.0017656083400506	0.0105038333032813	0.0095028940597606	0.0082697223059251	0.0036484121513706	0.0012801678957053	0.0036103086641765	0.0066303157046576	0.0030750301811607	0.0083327492073264	0.001615896610606	0.0050516322194702	0.0008529526161587	0.0085257038707475	0.0037408315999999	0.0149633264
Sample99	0.0007376889668482	0.0064274376505377	0.0067797289480481	0.0104430137704319	0.0060518809843015	0.0012112023994588	0.0065302193206742	0.0039142982946387	0.0063485664789829	0.0016305135421693	0.0102637510372225	0.0098515672461607	0.0022327566443762	0.0031494533950413	0.0081808856683177	0.0059787834167459	0.0048069381089187	0.0002746142519845	0.0006516489566601	0.0078113097805375	0.0076439753042276	0.0032109550135068	0.0053141990843443	0.0037540345999999	0.0150161384
Sample100	0.0089630736389379	0.0091792748533866	0.0030154855240904	0.0060485688343921	0.0104335080567525	0.0102164549768279	0.0022032607402334	0.0085211070106421	0.0089864121805194	0.0006178296164726	0.0077083443341025	0.004783350281369	0.0015280900456425	0.0039010861927225	0.0062824348299514	0.0043099681583328	0.0038907518881864	0.0081092566383479	0.0040481092903288	0.0007980071585851	0.0086193624927007	0.0083859398160838	0.0043310586790984	0.0038394731999999	0.0153578928
